112151.3121	1898.8263	980.624898	85824.53755	1559.750175	1375.292763	39259.42261	1414.91025	506.655081	85811.47684	4595.159646	948.475458	37326.93987	2632.503312	37009.93299	2648.711988	369.886005	54609.64159	2431.3014	-355.284801
1898.8263	410.0625	1067.3289	1696.6017	188.62875	914.767425	962.4015	410.67	643.360725	2470.8645	714.4929	630.87255	1207.270575	468.18	1085.0436	603.6849	62.62515	679.847175	116.386875	107.416125
980.624898	1067.3289	21435.8881	2164.701132	444.720375	18438.69971	2319.42722	1670.172075	13733.22872	-893.232769	1291.467969	13683.85927	1138.528083	1760.199584	2451.562245	2137.820256	355.761659	0	398.601225	3883.159225
85824.53755	1696.6017	2164.701132	242891.2656	3592.8036	5397.189408	65583.59875	2290.4739	7456.17636	150338.3778	9660.64968	3489.55362	66429.50933	2278.89216	79222.65005	2998.43856	1088.68356	92184.68704	596.3364	3659.977692
1559.750175	188.62875	444.720375	3592.8036	410.0625	415.803375	1475.6823	265.224375	582.088275	2594.407725	615.257775	143.380125	1102.290525	308.9988	271.2609	431.2035	17.8929	679.847175	98.01	-64.449675
1375.292763	914.767425	18438.69971	5397.189408	415.803375	18738.8721	1734.889104	1214.556525	12840.25462	3340.608804	1207.493001	12794.09531	2128.995414	1392.554592	4125.878289	1748.961396	302.39001	3282.690645	331.2738	4211.571429
39259.42261	962.4015	2319.42722	65583.59875	1475.6823	1734.889104	100387.5856	4685.2715	8628.250248	71521.33877	6210.69768	2692.062744	33672.51952	1611.574976	35015.16071	2698.716384	839.879472	37989.9081	1150.1292	1680.67778
1414.91025	410.67	1670.172075	2290.4739	265.224375	1214.556525	4685.2715	1785.0625	2876.401125	2319.867225	1366.504425	1435.9254	1314.1947	547.0192	282.98205	848.2617	46.665125	-405.27045	204.49	448.23025
506.655081	643.360725	13733.22872	7456.17636	582.088275	12840.25462	8628.250248	2876.401125	22888.6641	3692.020644	2817.307251	11569.05553	-784.317618	1259.216928	2026.620324	2024.986392	200.519766	8707.223628	411.887025	4333.596147
85811.47684	2470.8645	-893.232769	150338.3778	2594.407725	3340.608804	71521.33877	2319.867225	3692.020644	372209.8081	28103.61282	5183.690694	91722.02876	3385.267392	114415.3025	6681.217608	1886.764334	146302.6325	3137.387825	3883.466886
4595.159646	714.4929	1291.467969	9660.64968	615.257775	1207.493001	6210.69768	1366.504425	2817.307251	28103.61282	9605.9601	3747.382947	5843.189583	1268.955072	8862.093603	2385.17136	281.455317	9401.31522	504.016425	519.894045
948.475458	630.87255	13683.85927	3489.55362	143.380125	12794.09531	2692.062744	1435.9254	11569.05553	5183.690694	3747.382947	20053.3921	-734.134562	1178.648352	5216.615019	2153.8881	281.534841	10187.63582	385.533225	4056.319323
37326.93987	1207.270575	1138.528083	66429.50933	1102.290525	2128.995414	33672.51952	1314.1947	-784.317618	91722.02876	5843.189583	-734.134562	67189.8241	3835.478528	64237.05931	4888.804284	1374.227736	59673.45989	1881.8646	1924.971223
2632.503312	468.18	1760.199584	2278.89216	308.9988	1392.554592	1611.574976	547.0192	1259.216928	3385.267392	1268.955072	1178.648352	3835.478528	2138.1376	2787.356448	2306.858112	153.21624	-1108.85832	279.752	0
37009.93299	1085.0436	2451.562245	79222.65005	271.2609	4125.878289	35015.16071	282.98205	2026.620324	114415.3025	8862.093603	5216.615019	64237.05931	2787.356448	112151.3121	4686.182748	2367.270432	97976.12167	2127.388725	6750.411219
2648.711988	603.6849	2137.820256	2998.43856	431.2035	1748.961396	2698.716384	848.2617	2024.986392	6681.217608	2385.17136	2153.8881	4888.804284	2306.858112	4686.182748	3701.5056	322.549344	583.589448	331.2738	258.180624
369.886005	62.62515	355.761659	1088.68356	17.8929	302.39001	839.879472	46.665125	200.519766	1886.764334	281.455317	281.534841	1374.227736	153.21624	2367.270432	322.549344	487.9681	1907.025282	86.868925	656.187868
54609.64159	679.847175	0	92184.68704	679.847175	3282.690645	37989.9081	-405.27045	8707.223628	146302.6325	9401.31522	10187.63582	59673.45989	-1108.85832	97976.12167	583.589448	1907.025282	230025.7521	5368.034925	13738.09272
2431.3014	116.386875	398.601225	596.3364	98.01	331.2738	1150.1292	204.49	411.887025	3137.387825	504.016425	385.533225	1881.8646	279.752	2127.388725	331.2738	86.868925	5368.034925	915.0625	641.8445
-355.284801	107.416125	3883.159225	3659.977692	-64.449675	4211.571429	1680.67778	448.23025	4333.596147	3883.466886	519.894045	4056.319323	1924.971223	0	6750.411219	258.180624	656.187868	13738.09272	641.8445	11255.0881
